i0
340 1
398 1
406 1
410 1
412 1
426 1
436 1
442 2
444 1
456 1
460 1
468 2
470 1
472 2
474 1
476 1
478 1
480 1
484 1
486 1
488 2
490 2
494 1
500 2
502 1
504 1
510 1
514 3
516 3
518 1
520 1
522 2
524 1
526 1
528 2
530 1
532 4
534 3
536 3
538 1
540 1
542 2
544 3
546 3
548 2
550 4
554 4
556 3
558 4
560 3
562 2
564 2
566 3
568 2
570 5
572 2
574 3
576 1
578 1
580 2
582 1
584 5
586 1
588 2
590 3
592 3
594 5
596 2
598 3
600 1
602 7
604 6
606 4
608 2
610 4
612 5
614 4
616 3
618 7
620 3
622 4
624 4
626 3
628 1
630 3
632 7
634 1
636 4
638 6
640 3
642 5
644 6
646 4
648 9
650 5
652 4
654 7
656 7
658 4
660 9
662 7
664 7
666 7
668 5
670 3
672 6
674 6
676 2
678 8
680 3
682 7
684 7
686 6
688 9
690 8
692 8
694 10
696 6
698 10
700 9
702 4
704 8
706 5
708 8
710 7
712 8
714 5
716 11
718 7
720 8
722 10
724 8
726 8
728 8
730 17
732 8
734 7
736 8
738 5
740 11
742 7
744 5
746 12
748 11
750 9
752 10
754 10
756 13
758 7
760 6
762 5
764 10
766 8
768 13
770 6
772 6
774 8
776 13
778 9
780 11
782 9
784 5
786 11
788 9
790 14
792 12
794 7
796 8
798 11
800 14
802 9
804 11
806 10
808 8
810 5
812 9
814 8
816 10
818 17
820 7
822 17
824 14
826 5
828 8
830 8
832 13
834 6
836 9
838 13
840 9
842 11
844 11
846 9
848 10
850 9
852 17
854 9
856 9
858 8
860 8
862 7
864 12
866 10
868 12
870 7
872 6
874 8
876 6
878 7
880 12
882 13
884 9
886 11
888 8
890 11
892 14
894 8
896 5
898 9
900 12
902 7
904 14
906 5
908 11
910 12
912 9
914 13
916 8
918 7
920 6
922 7
924 6
926 5
928 5
930 9
932 5
934 7
936 10
938 11
940 9
942 6
944 10
946 8
948 10
950 9
952 9
954 14
956 5
958 6
960 4
962 9
964 5
966 3
968 8
970 5
972 8
974 5
976 4
978 8
980 8
982 5
984 11
986 5
988 6
990 5
992 4
994 7
996 3
998 4
1000 1
1002 5
1004 6
1006 10
1008 8
1010 4
1012 3
1014 10
1016 3
1018 4
1020 7
1022 6
1024 7
1026 4
1028 3
1030 6
1032 6
1034 6
1036 4
1038 8
1040 3
1042 3
1044 4
1046 3
1048 5
1050 7
1052 9
1054 2
1056 8
1058 3
1060 3
1062 2
1064 1
1066 8
1068 3
1070 4
1072 4
1074 1
1076 2
1078 4
1080 2
1082 4
1084 3
1086 1
1088 5
1090 3
1092 5
1094 2
1096 1
1098 2
1100 3
1102 1
1104 3
1106 4
1108 4
1110 1
1112 6
1114 5
1116 4
1118 5
1120 4
1122 5
1124 2
1126 1
1128 1
1130 2
1132 3
1134 1
1136 1
1138 1
1140 3
1142 2
1146 1
1148 4
1150 3
1152 3
1154 2
1156 3
1158 3
1160 2
1164 2
1166 1
1168 2
1170 1
1174 1
1176 3
1178 3
1184 1
1190 4
1198 2
1202 1
1206 1
1208 2
1212 1
1214 1
1218 1
1220 1
1224 1
1226 1
1228 1
1232 2
1234 2
1236 1
1242 1
1246 1
1256 1
1264 1
1266 2
1274 1
1276 2
1280 1
1286 2
1304 1
1312 2
i1
157 1
161 1
177 1
181 1
185 1
191 1
193 1
195 1
197 1
199 1
201 1
203 1
204 1
205 1
207 1
209 1
213 3
214 1
215 2
218 1
219 1
222 3
223 1
224 1
226 1
227 1
228 1
229 1
230 2
232 2
235 2
236 3
237 3
238 2
239 2
240 1
241 4
242 2
243 5
244 5
245 1
246 2
247 2
249 1
250 2
251 6
252 4
253 3
254 2
255 1
256 3
257 4
258 1
259 3
260 7
261 5
262 7
263 2
264 7
265 7
266 6
267 6
268 3
269 5
270 3
271 8
272 4
273 6
274 6
275 8
276 6
277 7
278 5
279 4
280 7
281 3
282 6
283 10
284 7
285 3
286 7
287 5
288 10
289 5
290 7
291 9
292 7
293 6
294 16
295 8
296 8
297 13
298 4
299 7
300 6
301 6
302 7
303 7
304 14
305 9
306 14
307 17
308 10
309 11
310 5
311 8
312 13
313 7
314 11
315 9
316 8
317 7
318 10
319 13
320 6
321 11
322 9
323 9
324 11
325 8
326 8
327 7
328 18
329 16
330 9
331 10
332 13
333 13
334 14
335 9
336 14
337 9
338 11
339 11
340 7
341 13
342 11
343 14
344 18
345 15
346 7
347 15
348 10
349 16
350 10
351 15
352 9
353 17
354 10
355 16
356 13
357 20
358 16
359 17
360 10
361 18
362 16
363 12
364 8
365 14
366 11
367 13
368 16
369 12
370 18
371 18
372 7
373 18
374 14
375 18
376 16
377 9
378 5
379 14
380 12
381 15
382 16
383 12
384 19
385 17
386 22
387 8
388 16
389 12
390 16
391 12
392 12
393 10
394 10
395 18
396 17
397 10
398 13
399 17
400 12
401 12
402 12
403 9
404 12
405 9
406 18
407 9
408 6
409 14
410 7
411 13
412 12
413 13
414 10
415 8
416 12
417 6
418 12
419 9
420 9
421 8
422 8
423 8
424 9
425 7
426 3
427 9
428 4
429 7
430 3
431 3
432 6
433 2
434 6
435 2
436 3
437 7
438 4
439 6
440 3
441 4
442 6
443 2
444 3
445 3
446 1
447 5
448 3
449 4
450 1
451 5
452 3
453 6
454 4
455 2
456 9
457 3
458 1
459 2
460 2
461 3
464 2
465 2
466 1
469 2
471 2
472 2
473 2
474 2
475 1
476 2
477 1
479 2
480 4
482 2
483 2
484 1
485 2
486 1
487 1
488 1
490 1
492 1
493 1
496 1
497 1
498 1
500 1
502 1
503 1
504 1
505 1
507 3
518 1
519 1
521 1
523 1
530 1
590 1
i2
101 1
130 1
139 1
144 1
153 2
154 1
155 1
157 2
158 2
160 1
161 1
167 1
173 1
174 1
177 1
180 1
181 2
183 2
184 1
185 2
187 1
188 2
189 1
190 2
191 3
192 1
193 1
194 1
195 1
196 2
197 1
200 1
201 1
202 1
203 6
204 1
206 2
207 3
208 2
209 1
210 3
211 4
212 4
213 4
214 3
215 2
216 2
217 3
218 6
219 4
220 2
221 1
222 7
223 5
224 4
225 2
226 1
227 5
228 4
229 6
230 6
231 3
232 7
233 11
234 1
235 3
236 6
237 7
238 6
239 7
240 8
241 6
242 7
243 7
244 8
245 1
246 5
247 10
248 6
249 2
250 14
251 4
252 4
253 9
254 8
255 9
256 10
257 13
258 5
259 8
260 10
261 13
262 11
263 6
264 8
265 15
266 4
267 8
268 5
269 11
270 12
271 11
272 7
273 15
274 9
275 9
276 16
277 18
278 15
279 14
280 13
281 11
282 14
283 13
284 13
285 17
286 15
287 13
288 9
289 8
290 20
291 18
292 20
293 9
294 18
295 17
296 16
297 20
298 8
299 12
300 12
301 15
302 20
303 18
304 16
305 17
306 12
307 23
308 16
309 21
310 9
311 6
312 24
313 15
314 17
315 27
316 17
317 19
318 20
319 11
320 14
321 7
322 18
323 22
324 11
325 20
326 25
327 16
328 11
329 15
330 12
331 21
332 18
333 28
334 10
335 13
336 15
337 14
338 13
339 14
340 15
341 11
342 25
343 17
344 14
345 18
346 15
347 11
348 15
349 10
350 11
351 13
352 17
353 17
354 13
355 13
356 8
357 14
358 11
359 10
360 12
361 9
362 10
363 10
364 3
365 8
366 11
367 8
368 10
369 13
370 7
371 5
372 2
373 4
374 5
375 4
376 8
377 5
378 4
379 4
380 7
381 5
382 9
383 5
384 7
385 4
386 1
387 5
388 2
389 4
390 8
391 2
392 2
393 1
394 4
395 3
396 2
397 2
398 1
399 4
400 1
401 2
403 1
404 1
405 1
406 6
407 2
408 1
409 2
410 2
411 1
412 3
414 1
415 1
416 2
417 2
418 3
421 1
422 3
423 3
424 1
425 1
426 1
428 4
429 2
431 2
432 2
434 1
438 1
439 1
445 1
452 1
453 1
454 2
455 1
474 1
497 1
502 1
i3
113 1
120 1
130 1
132 1
135 1
141 1
143 1
146 1
147 1
149 1
153 4
156 2
157 4
159 2
161 1
162 1
164 2
166 1
167 3
168 3
169 2
170 5
171 1
172 3
173 2
174 1
175 2
176 3
177 3
178 1
179 2
180 5
181 3
182 2
183 4
184 4
185 3
186 4
187 6
188 6
189 3
190 3
191 6
192 2
193 4
194 2
195 3
196 4
197 9
198 5
199 3
200 3
201 8
202 7
203 11
204 5
205 7
206 5
207 6
208 11
209 8
210 5
211 8
212 7
213 4
214 6
215 4
216 10
217 7
218 8
219 10
220 12
221 3
222 9
223 11
224 9
225 9
226 8
227 6
228 10
229 8
230 12
231 9
232 16
233 11
234 11
235 12
236 17
237 18
238 16
239 14
240 13
241 13
242 15
243 9
244 19
245 9
246 8
247 19
248 9
249 14
250 18
251 12
252 13
253 13
254 14
255 18
256 20
257 12
258 8
259 18
260 10
261 21
262 16
263 23
264 29
265 15
266 19
267 14
268 14
269 14
270 26
271 19
272 22
273 25
274 12
275 17
276 20
277 23
278 13
279 23
280 17
281 20
282 21
283 23
284 11
285 16
286 20
287 16
288 21
289 13
290 21
291 15
292 18
293 19
294 23
295 16
296 18
297 20
298 13
299 12
300 16
301 18
302 23
303 19
304 15
305 14
306 13
307 26
308 17
309 15
310 14
311 23
312 16
313 10
314 5
315 8
316 12
317 12
318 6
319 8
320 9
321 6
322 9
323 11
324 10
325 6
326 6
327 6
328 5
329 5
330 12
331 5
332 6
333 3
334 5
335 9
336 7
337 1
338 4
339 12
340 9
341 5
342 4
343 3
344 5
345 6
346 1
347 1
348 3
349 2
350 3
351 2
352 2
353 3
354 6
355 4
356 4
357 4
358 4
359 2
360 2
361 2
363 4
364 2
365 3
367 1
368 1
369 3
370 4
371 2
372 2
374 1
375 1
376 1
377 1
378 3
379 1
384 1
385 1
386 1
387 2
395 1
401 1
403 2
417 1
420 1
421 1
i4
93 1
97 1
104 1
108 1
116 1
119 1
121 2
125 1
128 1
129 1
130 2
132 1
133 2
134 1
135 1
136 5
137 4
139 1
141 4
142 2
143 3
144 1
145 1
146 3
147 1
149 2
150 4
151 2
152 2
153 8
154 5
155 4
156 3
157 2
158 3
159 7
160 5
161 3
162 6
163 2
164 5
165 6
166 3
167 4
168 7
169 5
170 10
171 1
172 3
173 7
174 3
175 5
176 11
177 12
178 3
179 10
180 8
181 10
182 9
183 14
184 10
185 7
186 5
187 6
188 12
189 6
190 14
191 11
192 12
193 9
194 8
195 13
196 13
197 14
198 15
199 12
200 7
201 13
202 17
203 19
204 9
205 12
206 19
207 19
208 14
209 16
210 14
211 20
212 24
213 8
214 13
215 13
216 18
217 13
218 21
219 19
220 17
221 19
222 20
223 21
224 22
225 23
226 14
227 8
228 26
229 24
230 16
231 25
232 19
233 12
234 14
235 16
236 20
237 33
238 25
239 21
240 22
241 13
242 20
243 10
244 21
245 13
246 14
247 27
248 19
249 20
250 18
251 17
252 21
253 21
254 25
255 15
256 14
257 12
258 21
259 24
260 21
261 22
262 24
263 15
264 17
265 17
266 11
267 17
268 23
269 16
270 26
271 13
272 15
273 9
274 10
275 13
276 8
277 13
278 15
279 10
280 7
281 8
282 3
283 13
284 5
285 11
286 11
287 7
288 6
289 7
290 8
291 6
292 9
293 9
294 5
295 8
296 4
297 4
298 5
299 8
300 7
301 5
302 1
303 6
304 2
305 1
306 1
307 1
308 6
309 4
310 1
311 2
312 3
313 5
314 4
315 2
316 8
317 5
318 4
319 5
320 3
321 2
322 4
323 2
324 2
325 4
327 3
328 1
330 2
331 1
333 1
335 2
336 1
337 1
338 2
341 2
343 2
344 1
345 1
351 1
361 1
376 1
378 1
386 1
i5
84 1
91 1
97 1
98 1
100 1
102 1
103 1
104 1
105 2
106 1
107 1
109 1
110 2
112 1
113 2
114 4
115 3
116 1
117 2
119 5
120 2
121 2
123 4
124 5
125 3
126 4
127 2
128 9
129 5
130 1
131 6
132 4
133 4
134 2
135 4
136 9
137 7
138 5
139 4
140 9
141 7
142 11
143 4
144 3
145 5
146 4
147 7
148 7
149 2
150 8
151 9
152 10
153 15
154 11
155 9
156 10
157 11
158 23
159 11
160 15
161 10
162 11
163 10
164 10
165 13
166 15
167 20
168 14
169 14
170 17
171 14
172 17
173 25
174 10
175 24
176 26
177 15
178 15
179 24
180 15
181 20
182 11
183 12
184 15
185 15
186 23
187 22
188 20
189 14
190 17
191 17
192 17
193 19
194 12
195 21
196 22
197 23
198 29
199 23
200 16
201 26
202 22
203 19
204 25
205 29
206 22
207 24
208 27
209 25
210 26
211 29
212 24
213 15
214 26
215 22
216 22
217 24
218 24
219 22
220 17
221 20
222 17
223 20
224 14
225 34
226 15
227 17
228 21
229 29
230 20
231 22
232 14
233 21
234 19
235 15
236 14
237 12
238 13
239 15
240 7
241 9
242 10
243 7
244 5
245 4
246 7
247 10
248 6
249 7
250 7
251 11
252 10
253 2
254 3
255 1
256 3
257 3
258 4
259 4
260 3
261 8
262 6
263 4
264 5
265 4
266 6
267 5
268 10
269 3
270 2
272 3
273 3
274 1
275 5
276 3
277 3
278 1
279 2
280 1
281 2
282 2
283 2
284 3
285 1
286 2
288 1
289 6
290 2
293 1
294 1
297 2
300 1
305 1
307 1
311 1
315 1
316 1
317 1
320 1
323 1
379 1
i6
67 1
72 1
73 1
74 1
79 1
82 1
84 1
87 1
88 3
89 1
90 2
91 1
92 2
93 1
94 1
95 4
96 3
97 1
99 3
100 4
101 5
102 5
103 1
104 3
105 6
106 2
107 8
108 1
109 5
110 7
111 3
112 2
113 4
114 7
115 7
116 4
117 7
118 7
119 7
120 2
121 13
122 5
123 11
124 15
125 12
126 14
127 4
128 12
129 9
130 14
131 10
132 16
133 13
134 7
135 7
136 10
137 19
138 8
139 13
140 15
141 7
142 14
143 18
144 19
145 15
146 14
147 15
148 16
149 11
150 17
151 22
152 25
153 21
154 18
155 27
156 22
157 30
158 18
159 26
160 21
161 33
162 24
163 26
164 17
165 36
166 33
167 27
168 26
169 24
170 20
171 23
172 17
173 31
174 28
175 29
176 24
177 23
178 28
179 26
180 21
181 27
182 23
183 26
184 19
185 27
186 34
187 31
188 28
189 20
190 21
191 22
192 21
193 21
194 21
195 22
196 22
197 27
198 29
199 29
200 20
201 23
202 10
203 13
204 11
205 8
206 11
207 22
208 11
209 10
210 12
211 7
212 10
213 6
214 9
215 9
216 8
217 10
218 7
219 11
220 7
221 7
222 8
223 5
224 7
225 6
226 3
227 4
229 3
230 4
231 2
232 3
233 4
235 5
236 1
237 2
238 4
239 3
240 1
241 2
242 3
243 3
245 1
246 2
247 1
248 2
249 1
250 1
251 3
253 1
259 1
261 1
262 1
267 1
275 1
i7
43 1
45 1
66 2
71 1
72 1
74 2
75 2
76 1
77 1
78 1
79 1
80 2
83 1
84 2
86 5
87 4
90 5
91 4
92 4
93 5
94 5
95 5
96 7
97 8
98 4
99 6
100 9
101 4
102 6
103 3
104 12
105 16
106 13
107 7
108 7
109 14
110 14
111 9
112 13
113 12
114 14
115 16
116 13
117 17
118 21
119 16
120 18
121 24
122 23
123 23
124 17
125 21
126 15
127 17
128 19
129 24
130 29
131 25
132 32
133 24
134 36
135 29
136 30
137 24
138 27
139 29
140 24
141 25
142 26
143 32
144 37
145 33
146 20
147 32
148 40
149 25
150 35
151 37
152 31
153 35
154 29
155 40
156 32
157 31
158 24
159 28
160 30
161 46
162 32
163 32
164 29
165 30
166 33
167 30
168 24
169 22
170 25
171 24
172 17
173 12
174 9
175 13
176 12
177 6
178 11
179 7
180 10
181 16
182 9
183 6
184 10
185 10
186 12
187 8
188 6
189 4
190 3
191 10
193 3
194 8
195 1
196 8
197 6
198 3
199 8
200 6
201 3
202 2
203 1
204 2
205 3
206 1
207 2
208 3
209 2
210 1
211 1
212 5
214 1
215 3
218 1
220 2
222 1
223 1
226 1
227 1
231 1
i8
43 2
45 1
49 1
51 1
56 1
58 2
59 1
61 1
62 2
63 1
64 1
65 3
66 4
67 3
68 3
69 2
70 3
71 1
72 1
73 2
74 4
75 7
76 4
77 2
78 4
79 2
80 5
81 4
82 6
83 4
84 9
85 8
86 5
87 13
88 4
89 7
90 10
91 13
92 12
93 8
94 11
95 11
96 12
97 15
98 21
99 21
100 15
101 21
102 19
103 19
104 21
105 29
106 26
107 25
108 19
109 28
110 34
111 28
112 30
113 15
114 32
115 40
116 29
117 32
118 34
119 27
120 31
121 38
122 39
123 29
124 37
125 33
126 37
127 47
128 30
129 38
130 47
131 32
132 46
133 39
134 31
135 44
136 33
137 33
138 28
139 35
140 31
141 35
142 26
143 33
144 29
145 37
146 25
147 32
148 24
149 23
150 22
151 10
152 10
153 14
154 19
155 14
156 12
157 9
158 5
159 12
160 6
161 8
162 7
163 5
164 10
165 13
166 12
167 6
168 3
169 4
170 3
171 2
172 5
173 5
175 4
176 2
177 2
179 1
180 1
181 2
182 1
183 1
184 4
187 3
189 1
190 1
191 1
194 1
195 1
199 2
210 1
i9
36 1
40 1
43 3
45 2
46 1
49 4
51 2
52 1
53 1
55 1
56 5
57 2
58 1
59 3
60 3
61 3
62 4
63 4
64 3
65 5
66 3
67 4
68 6
69 7
70 7
71 8
72 7
73 17
74 13
75 15
76 11
77 10
78 17
79 11
80 14
81 14
82 19
83 12
84 17
85 20
86 19
87 21
88 22
89 27
90 20
91 27
92 22
93 22
94 26
95 30
96 35
97 37
98 33
99 34
100 36
101 40
102 36
103 38
104 38
105 36
106 42
107 32
108 41
109 49
110 43
111 40
112 41
113 36
114 42
115 55
116 36
117 52
118 37
119 31
120 39
121 43
122 45
123 40
124 38
125 33
126 26
127 19
128 26
129 27
130 17
131 20
132 19
133 17
134 17
135 20
136 13
137 12
138 11
139 11
140 9
141 5
142 5
143 11
144 8
145 8
146 4
147 6
148 4
149 3
150 4
151 2
152 7
153 2
155 2
156 1
158 1
159 2
160 1
161 1
162 1
163 1
164 2
167 1
170 2
171 2
174 2
i10
36 1
38 3
40 1
43 1
44 3
45 1
46 1
47 1
48 1
49 5
50 5
51 6
52 2
53 5
54 7
55 4
56 7
57 5
58 9
59 9
60 11
61 12
62 9
63 10
64 12
65 9
66 16
67 15
68 23
69 27
70 22
71 15
72 23
73 29
74 26
75 21
76 34
77 36
78 41
79 32
80 26
81 29
82 31
83 31
84 38
85 43
86 34
87 36
88 39
89 51
90 38
91 57
92 34
93 38
94 49
95 39
96 46
97 54
98 38
99 51
100 54
101 55
102 39
103 50
104 32
105 47
106 57
107 35
108 49
109 37
110 16
111 24
112 27
113 14
114 17
115 17
116 19
117 12
118 12
119 10
120 19
121 17
122 11
123 8
124 4
125 11
126 3
127 5
128 7
129 6
130 7
131 1
132 2
133 3
134 4
135 2
136 3
137 2
138 1
139 1
140 2
142 1
145 1
146 1
149 1
i11
31 2
32 1
34 1
36 4
38 2
40 3
41 2
42 2
43 6
44 7
45 7
46 11
47 7
48 4
49 12
50 13
51 15
52 7
53 13
54 23
55 21
56 23
57 17
58 25
59 15
60 21
61 23
62 25
63 41
64 24
65 40
66 35
67 31
68 37
69 41
70 54
71 38
72 52
73 57
74 52
75 52
76 56
77 51
78 62
79 41
80 58
81 43
82 51
83 48
84 49
85 53
86 44
87 57
88 56
89 61
90 43
91 54
92 41
93 37
94 25
95 18
96 21
97 18
98 19
99 22
100 13
101 16
102 22
103 12
104 14
105 9
106 11
107 13
108 11
109 4
110 5
111 3
112 4
113 5
114 2
115 2
116 1
119 2
122 2
125 1
127 1
135 1
i12
26 1
28 1
29 2
30 1
31 3
32 3
33 6
34 3
35 1
36 3
37 2
38 7
39 4
40 6
41 9
42 7
43 14
44 18
45 27
46 22
47 15
48 27
49 43
50 29
51 26
52 38
53 33
54 48
55 52
56 44
57 47
58 50
59 49
60 42
61 48
62 52
63 51
64 59
65 53
66 70
67 62
68 52
69 75
70 63
71 64
72 61
73 73
74 63
75 60
76 71
77 51
78 57
79 43
80 26
81 31
82 24
83 20
84 14
85 11
86 15
87 14
88 12
89 13
90 8
91 14
92 8
93 4
94 6
95 3
96 4
97 3
98 1
99 3
105 2
106 1
i13
22 2
24 3
25 2
26 3
27 3
28 3
29 10
30 8
31 9
32 10
33 9
34 6
35 9
36 9
37 18
38 13
39 18
40 25
41 31
42 26
43 39
44 44
45 70
46 50
47 39
48 54
49 63
50 60
51 69
52 73
53 77
54 69
55 81
56 91
57 74
58 76
59 73
60 65
61 87
62 80
63 65
64 57
65 68
66 71
67 30
68 34
69 21
70 22
71 18
72 21
73 11
74 14
75 8
76 11
77 9
78 6
79 4
80 6
81 7
82 6
83 2
84 1
85 2
90 1
92 2
i14
19 1
21 1
22 3
23 3
24 1
25 3
26 7
27 10
28 10
29 19
30 15
31 13
32 27
33 19
34 30
35 25
36 43
37 36
38 56
39 45
40 54
41 70
42 60
43 72
44 100
45 120
46 66
47 82
48 99
49 95
50 127
51 94
52 94
53 110
54 81
55 79
56 51
57 38
58 37
59 18
60 25
61 13
62 16
63 17
64 12
65 12
66 8
67 4
68 6
69 4
70 3
71 3
72 4
73 1
74 1
75 1
77 1
78 1
80 1
81 1
i15
16 1
17 1
19 4
21 3
22 8
23 16
24 5
25 11
26 12
27 18
28 29
29 39
30 37
31 47
32 67
33 55
34 52
35 72
36 95
37 73
38 90
39 107
40 100
41 118
42 105
43 129
44 124
45 139
46 92
47 95
48 59
49 43
50 32
51 33
52 29
53 21
54 21
55 11
56 15
57 6
58 8
59 8
60 5
61 1
62 1
63 3
64 2
65 2
66 2
69 2
i16
16 1
17 1
18 5
19 4
20 7
21 16
22 22
23 34
24 32
25 45
26 52
27 58
28 62
29 67
30 82
31 97
32 115
33 120
34 122
35 121
36 113
37 126
38 131
39 142
40 104
41 107
42 61
43 44
44 37
45 27
46 26
47 17
48 9
49 11
50 12
51 5
52 5
53 3
54 2
55 1
56 1
59 1
i17
12 1
14 1
15 3
16 10
17 15
18 13
19 25
20 33
21 47
22 66
23 61
24 95
25 101
26 106
27 130
28 133
29 129
30 133
31 146
32 167
33 157
34 148
35 117
36 40
37 48
38 32
39 28
40 19
41 14
42 12
43 4
44 6
45 3
46 4
49 1
i18
11 3
12 4
13 1
14 6
15 11
16 27
17 36
18 46
19 74
20 99
21 96
22 129
23 138
24 169
25 175
26 172
27 190
28 177
29 162
30 136
31 56
32 53
33 35
34 26
35 10
36 4
37 6
38 4
39 1
40 2
i19
10 1
11 2
12 6
13 10
14 23
15 49
16 69
17 92
18 138
19 159
20 197
21 204
22 232
23 224
24 224
25 176
26 86
27 51
28 52
29 22
30 10
31 12
32 5
33 3
38 1
i20
9 1
10 6
11 13
12 22
13 31
14 70
15 131
16 169
17 209
18 251
19 287
20 287
21 264
22 145
23 68
24 48
25 25
26 8
27 5
28 5
29 2
30 1
i21
7 4
8 2
9 5
10 21
11 48
12 77
13 110
14 181
15 236
16 303
17 332
18 328
19 217
20 101
21 55
22 18
23 7
24 2
27 1
i22
6 2
7 5
8 14
9 32
10 73
11 107
12 174
13 230
14 300
15 364
16 384
17 187
18 100
19 41
20 16
21 13
22 6
i23
4 1
5 5
6 14
7 28
8 52
9 79
10 204
11 265
12 337
13 351
14 334
15 199
16 88
17 58
18 25
19 6
20 2
i24
4 3
5 10
6 34
7 93
8 154
9 243
10 385
11 415
12 360
13 188
14 103
15 31
16 23
17 5
18 1
i25
2 1
3 4
4 10
5 40
6 110
7 242
8 306
9 434
10 489
11 217
12 120
13 52
14 17
15 3
16 2
17 1
i26
2 2
3 11
4 51
5 151
6 291
7 413
8 483
9 429
10 147
11 51
12 17
13 2
i27
2 4
3 29
4 153
5 367
6 525
7 600
8 260
9 85
10 19
11 5
12 1
i28
2 20
3 117
4 331
5 689
6 636
7 213
8 38
9 4
i29
1 9
2 81
3 302
4 670
5 711
6 221
7 48
8 6
i30
0 1
1 52
2 259
3 621
4 872
5 207
6 34
7 2
