GA_I_NN_SWAP
 Best:10,8,6,3,2,7,11,9,4,5,12,14,13,16,18,17,15,19,21,22,20,Fitness: 387.5429560469644
Car 1: 0 9 7 5 2 1 6 0
Car 2: 0 10 8 3 4 11 13 0
Car 3: 0 12 15 17 16 14 0
Car 4: 0 19 21 20 18 0
 ,fittness: 387.5429560469644  Time :  7.8489662  ticks: 7.8488805294036865
SA_NN_SWAP
 Best:17,15,13,6,14,20,22,18,21,19,16,11,9,12,10,8,7,5,4,2,3,Fitness: 472.5327818969959
Car 1: 0 16 14 12 5 0
Car 2: 0 13 19 21 17 0
Car 3: 0 20 18 15 10 8 11 0
Car 4: 0 9 7 6 4 3 1 2 0
 ,fittness: 472.5327818969959  Time :  0.17642069999999954  ticks: 0.17604732513427734
TS_NN_SWAP
 Best:20,17,14,16,19,21,22,18,15,13,10,6,8,11,12,9,7,3,2,4,5,Fitness: 405.2751409933177
Car 1: 0 19 16 13 0
Car 2: 0 15 18 20 21 17 14 0
Car 3: 0 12 9 5 7 10 0
Car 4: 0 11 8 6 2 1 3 4 0
 ,fittness: 405.2751409933177  Time :  0.19153859999999945  ticks: 0.19154715538024902
GA_I_NN_INSERT
 Best:11,12,5,4,7,8,10,6,3,2,9,14,13,16,19,21,18,15,17,20,22,Fitness: 412.9774354269643
Car 1: 0 11 4 3 6 7 9 10 0
Car 2: 0 5 2 1 8 13 0
Car 3: 0 12 15 18 20 17 0
Car 4: 0 14 16 19 21 0
 ,fittness: 412.9774354269643  Time :  7.926954500000001  ticks: 7.926443576812744
SA_NN_INSERT
 Best:10,8,6,3,2,11,12,5,4,7,9,14,18,21,19,16,13,15,17,20,22,Fitness: 391.8896793091878
Car 1: 0 9 7 5 2 1 10 0
Car 2: 0 11 4 3 6 8 13 0
Car 3: 0 17 20 18 15 12 0
Car 4: 0 14 16 19 21 0
 ,fittness: 391.8896793091878  Time :  0.16935729999999793  ticks: 0.17003083229064941
TS_NN_INSERT
 Best:15,14,20,22,18,21,19,16,17,13,10,6,8,11,5,4,12,9,7,3,2,Fitness: 439.65540793523405
Car 1: 0 14 13 19 21 17 0
Car 2: 0 20 18 15 16 0
Car 3: 0 12 9 5 7 10 0
Car 4: 0 4 3 11 8 6 2 1 0
 ,fittness: 439.65540793523405  Time :  0.22137400000000085  ticks: 0.22105145454406738
ACO_NN
 Best:18,15,17,13,16,19,21,22,20,14,12,4,5,7,9,11,10,8,6,3,2,Fitness: 417.8573669848362
Car 1: 0 17 14 16 12 15 0
Car 2: 0 18 20 21 19 0
Car 3: 0 13 11 3 4 6 8 10 0
Car 4: 0 9 7 5 2 1 0
 ,fittness: 417.8573669848362  Time :  0.3109737999999993  ticks: 0.31036901473999023
GA_I_C&W_SWAP
 Best:19,21,22,20,10,8,6,3,2,7,9,14,12,4,5,11,17,15,18,13,16,Fitness: 388.7722858391293
Car 1: 0 18 20 21 19 0
Car 2: 0 9 7 5 2 1 6 8 0
Car 3: 0 13 11 4 3 10 0
Car 4: 0 12 15 17 16 14 0
 ,fittness: 388.7722858391293  Time :  13.000229299999997  ticks: 13.0000479221344
SA_C&W_SWAP
 Best:19,21,22,20,10,8,6,3,2,7,9,14,12,5,4,11,17,15,18,16,13,Fitness: 392.2655511441565
Car 1: 0 18 20 21 19 0
Car 2: 0 9 7 5 2 1 6 8 0
Car 3: 0 13 11 4 3 10 0
Car 4: 0 16 14 17 15 12 0
 ,fittness: 392.2655511441565  Time :  5.468596400000003  ticks: 5.469094276428223
TS_C&W_SWAP
 Best:19,21,22,20,10,8,6,3,2,7,9,14,12,5,4,11,17,15,18,16,13,Fitness: 392.2655511441565
Car 1: 0 18 20 21 19 0
Car 2: 0 9 7 5 2 1 6 8 0
Car 3: 0 13 11 4 3 10 0
Car 4: 0 16 14 17 15 12 0
 ,fittness: 392.2655511441565  Time :  5.401179599999999  ticks: 5.401923418045044
GA_I_C&W_INSERT
 Best:19,21,22,20,10,8,6,3,2,7,14,12,5,4,9,11,17,15,18,16,13,Fitness: 391.0362213519916
Car 1: 0 18 20 21 19 0
Car 2: 0 9 7 5 2 1 6 0
Car 3: 0 13 11 4 3 8 10 0
Car 4: 0 16 14 17 15 12 0
 ,fittness: 391.0362213519916  Time :  13.077825600000004  ticks: 13.077657699584961
SA_C&W_INSERT
 Best:19,21,22,20,10,8,6,3,2,7,14,12,5,4,9,11,17,15,18,16,13,Fitness: 391.0362213519916
Car 1: 0 18 20 21 19 0
Car 2: 0 9 7 5 2 1 6 0
Car 3: 0 13 11 4 3 8 10 0
Car 4: 0 16 14 17 15 12 0
 ,fittness: 391.0362213519916  Time :  5.392942100000006  ticks: 5.393404960632324
TS_C&W_INSERT
 Best:19,21,22,20,10,8,6,3,2,14,12,5,4,7,9,11,15,17,18,16,13,Fitness: 393.95269856094166
Car 1: 0 18 20 21 19 0
Car 2: 0 9 7 5 2 1 0
Car 3: 0 13 11 4 3 6 8 10 0
Car 4: 0 14 16 17 15 12 0
 ,fittness: 393.95269856094166  Time :  5.3612124000000065  ticks: 5.361428737640381
ACO_C&W
 Best:22,21,19,16,13,18,15,17,20,14,12,11,9,7,6,8,10,3,2,4,5,Fitness: 456.41940447831837
Car 1: 0 21 20 18 15 12 0
Car 2: 0 17 14 16 19 0
Car 3: 0 13 11 10 8 6 5 0
Car 4: 0 7 9 2 1 3 4 0
 ,fittness: 456.41940447831837  Time :  5.574840899999998  ticks: 5.575167655944824
