GA_I_NN_SWAP
 Best:71,21,61,72,70,37,6,38,58,31,48,22,49,30,16,14,55,46,23,62,29,7,69,76,5,35,28,75,63,74,3,68,47,53,20,9,36,8,34,43,42,52,18,15,54,64,24,44,65,17,13,41,27,60,67,32,11,2,57,25,33,10,45,4,40,73,59,12,66,39,50,51,19,26,56,Fitness: 1182.2284829801333
Car 1: 0 70 20 60 71 69 36 5 57 37 0
Car 2: 0 30 47 21 48 29 15 13 54 0
Car 3: 0 74 22 61 28 6 68 75 0
Car 4: 0 4 34 27 45 62 73 2 0
Car 5: 0 67 46 52 19 8 35 7 0
Car 6: 0 33 42 41 51 17 14 53 0
Car 7: 0 63 23 43 64 16 12 40 0
Car 8: 0 26 59 66 31 10 0
Car 9: 0 1 56 24 32 3 44 0
Car 10: 0 9 39 72 58 11 65 38 0
Car 11: 0 49 50 18 25 55 0
 ,fittness: 1182.2284829801333  Time :  56.94770349999999  ticks: 56.94815182685852
SA_NN_SWAP
 Best:35,9,20,54,12,11,28,14,60,67,39,66,40,53,55,8,59,68,27,47,46,2,52,18,13,76,21,58,36,15,41,5,73,10,26,32,56,33,48,49,31,3,34,64,7,75,6,37,22,45,4,69,30,29,74,63,70,72,61,71,16,38,17,50,25,19,51,57,44,24,23,62,65,43,42,Fitness: 1306.5478351284921
Car 1: 0 34 8 19 53 11 10 0
Car 2: 0 27 13 59 66 38 65 39 0
Car 3: 0 52 54 7 58 67 26 0
Car 4: 0 46 45 1 51 17 12 75 0
Car 5: 0 20 57 35 14 40 0
Car 6: 0 4 72 9 25 31 55 32 0
Car 7: 0 47 48 30 2 33 63 0
Car 8: 0 6 74 5 36 21 44 3 68 0
Car 9: 0 29 28 73 62 69 71 60 70 15 37 0
Car 10: 0 16 49 24 18 50 56 43 23 0
Car 11: 0 22 61 64 42 41 0
 ,fittness: 1306.5478351284921  Time :  0.5913160000000062  ticks: 0.5918900966644287
TS_NN_SWAP
 Best:26,10,56,19,51,33,68,59,40,73,11,32,13,4,25,50,57,45,54,36,27,39,66,17,64,18,41,53,2,24,7,69,52,5,76,47,12,67,9,35,23,63,44,43,42,65,74,34,31,46,8,15,20,28,29,62,75,49,14,55,60,3,48,21,58,16,6,30,22,70,37,61,71,72,38,Fitness: 1266.122769618044
Car 1: 0 25 9 55 18 50 32 0
Car 2: 0 67 58 39 72 10 31 12 0
Car 3: 0 3 24 49 56 44 53 35 26 0
Car 4: 0 38 65 16 63 17 40 52 0
Car 5: 0 1 23 6 68 51 4 75 0
Car 6: 0 46 11 66 8 34 0
Car 7: 0 22 62 43 42 41 64 73 33 0
Car 8: 0 30 45 7 14 19 27 0
Car 9: 0 28 61 74 48 13 54 59 0
Car 10: 0 2 47 20 57 15 5 29 0
Car 11: 0 21 69 36 60 70 71 37 0
 ,fittness: 1266.122769618044  Time :  0.5692359000000238  ticks: 0.5692322254180908
GA_I_NN_INSERT
 Best:21,38,71,61,37,70,72,6,16,58,49,48,22,30,46,28,31,75,62,29,53,14,55,5,35,47,9,76,69,63,23,7,8,20,36,68,34,74,52,18,27,15,54,64,65,43,42,44,2,41,60,12,59,17,3,45,50,57,24,4,33,40,13,39,66,67,11,73,10,25,51,19,26,32,56,Fitness: 1210.933699718807
Car 1: 0 20 37 70 60 36 69 71 5 15 57 0
Car 2: 0 48 47 21 29 45 27 0
Car 3: 0 30 74 61 28 52 13 54 0
Car 4: 0 4 34 46 8 75 68 0
Car 5: 0 62 22 6 7 19 35 67 0
Car 6: 0 33 73 51 17 26 14 53 0
Car 7: 0 63 64 42 41 43 1 40 0
Car 8: 0 59 11 58 16 44 0
Car 9: 0 2 56 23 49 3 32 39 12 0
Car 10: 0 38 65 66 10 72 9 0
Car 11: 0 24 50 18 25 31 55 0
 ,fittness: 1210.933699718807  Time :  43.11174050000005  ticks: 43.11097741127014
SA_NN_INSERT
 Best:15,20,54,12,8,60,67,39,66,55,9,47,53,35,14,36,59,27,11,73,13,5,76,18,68,58,16,28,30,31,69,7,6,49,33,40,32,41,4,52,3,21,38,34,17,45,51,10,48,71,61,72,37,22,74,63,50,26,56,19,75,70,62,23,43,2,29,46,25,24,64,57,42,44,65,Fitness: 1356.56349718117
Car 1: 0 14 19 53 11 7 0
Car 2: 0 59 66 38 65 54 8 0
Car 3: 0 46 52 34 13 35 58 26 0
Car 4: 0 10 72 12 4 75 17 0
Car 5: 0 67 57 15 27 29 30 68 6 0
Car 6: 0 5 48 32 39 31 0
Car 7: 0 40 3 51 2 20 37 0
Car 8: 0 33 16 44 50 9 47 0
Car 9: 0 70 60 71 36 21 73 62 49 25 55 18 0
Car 10: 0 74 69 61 22 42 1 28 45 0
Car 11: 0 24 23 63 56 41 43 64 0
 ,fittness: 1356.56349718117  Time :  0.83087119999999  ticks: 0.8307409286499023
TS_NN_INSERT
 Best:32,11,40,10,39,66,26,56,33,51,13,41,12,67,19,45,27,18,36,15,54,59,73,8,9,47,35,52,25,4,7,5,76,53,46,68,60,55,20,28,31,49,30,34,2,44,24,57,74,63,64,50,17,42,43,23,48,29,3,65,62,22,70,37,72,14,58,75,69,6,38,21,16,71,61,Fitness: 1303.8859356766263
Car 1: 0 31 10 39 9 38 65 0
Car 2: 0 25 55 32 50 12 40 0
Car 3: 0 11 66 18 44 26 0
Car 4: 0 17 35 14 53 58 72 7 8 0
Car 5: 0 46 34 51 24 3 6 0
Car 6: 0 4 75 52 45 67 0
Car 7: 0 59 54 19 27 30 48 29 0
Car 8: 0 33 1 43 23 56 73 62 63 49 0
Car 9: 0 16 41 42 22 47 28 2 0
Car 10: 0 64 61 21 69 36 71 13 57 74 0
Car 11: 0 68 5 37 20 15 70 60 0
 ,fittness: 1303.8859356766263  Time :  0.9004868999999758  ticks: 0.9009125232696533
ACO_NN
 Best:60,67,66,12,39,73,40,10,76,5,68,27,18,41,13,28,53,35,47,9,36,8,54,15,20,55,16,58,14,30,49,31,29,63,23,43,65,42,44,2,74,34,64,17,4,45,33,51,19,25,50,57,24,62,22,48,72,71,61,38,21,75,3,69,7,52,46,6,70,37,26,56,32,11,59,Fitness: 1107.0907098892978
Car 1: 0 59 66 65 11 38 72 0
Car 2: 0 39 9 75 4 67 0
Car 3: 0 26 17 40 12 27 52 0
Car 4: 0 34 46 8 35 7 53 0
Car 5: 0 14 19 54 15 57 13 29 48 0
Car 6: 0 30 28 62 22 42 64 41 0
Car 7: 0 43 1 73 33 63 16 3 44 0
Car 8: 0 32 50 18 24 49 56 23 0
Car 9: 0 61 21 47 71 70 60 37 20 74 0
Car 10: 0 2 68 6 51 45 5 69 36 0
Car 11: 0 25 55 31 10 58 0
 ,fittness: 1107.0907098892978  Time :  4.488964600000031  ticks: 4.489333868026733
