GA_I_NN_SWAP
 Best:38,99,58,101,60,86,17,92,98,93,96,97,88,43,62,18,94,46,6,7,14,95,85,61,100,90,54,3,42,44,16,45,15,39,87,41,19,84,53,74,22,28,77,76,5,27,2,63,50,37,47,8,9,83,70,89,13,24,57,23,75,49,48,32,71,31,59,55,81,78,69,30,25,68,26,56,40,73,51,82,4,80,34,52,21,12,20,11,64,65,33,91,29,36,72,66,67,10,35,79,Fitness: 1436.716046791131
Car 1: 0 57 98 37 100 59 85 16 91 92 97 94 96 0
Car 2: 0 87 42 61 17 93 45 5 6 13 95 40 60 99 89 0
Car 3: 0 53 2 41 43 15 14 44 38 86 84 18 83 82 73 21 0
Car 4: 0 27 76 75 22 26 1 36 49 46 8 62 69 52 7 88 0
Car 5: 0 12 23 56 4 74 48 47 31 70 30 0
Car 6: 0 58 54 68 77 80 29 24 67 25 55 39 72 0
Car 7: 0 33 3 81 79 78 51 20 63 19 64 11 10 32 90 0
Car 8: 0 28 9 71 65 66 35 34 50 0
 ,fittness: 1436.716046791131  Time :  88.36262919999996  ticks: 88.36302852630615
SA_NN_SWAP
 Best:85,48,37,50,47,83,20,9,8,12,64,46,18,84,19,70,32,63,53,49,65,11,91,61,6,33,89,90,94,99,17,96,7,97,100,87,45,95,60,93,88,62,101,86,92,38,98,21,31,71,59,27,29,51,54,28,2,34,82,4,23,74,15,43,39,52,13,77,10,67,66,80,14,78,55,81,25,30,73,58,44,16,42,5,69,36,72,35,79,41,3,24,75,76,68,26,56,40,57,22,Fitness: 1626.0954715794576
Car 1: 0 84 47 36 49 46 82 19 8 7 11 63 45 17 83 18 69 0
Car 2: 0 31 62 52 48 64 10 90 60 5 32 88 89 0
Car 3: 0 93 98 16 95 6 96 99 86 44 94 0
Car 4: 0 59 92 87 61 100 85 91 37 97 20 30 70 0
Car 5: 0 58 26 28 50 53 27 1 33 81 3 22 73 0
Car 6: 0 14 42 38 51 12 76 9 66 65 79 13 0
Car 7: 0 77 54 80 24 29 72 57 43 15 41 4 68 35 71 34 78 0
Car 8: 0 40 2 23 74 75 67 25 55 39 56 21 0
 ,fittness: 1626.0954715794576  Time :  0.8347986999999648  ticks: 0.8351078033447266
TS_NN_SWAP
 Best:11,33,91,64,12,83,63,8,21,34,89,20,65,67,52,71,2,70,49,53,37,50,48,9,31,72,66,19,7,100,51,77,29,28,36,10,79,82,35,32,90,84,85,95,54,78,13,81,69,4,27,55,6,61,47,88,59,14,97,3,41,101,17,62,18,46,60,87,45,94,86,99,38,92,15,43,58,96,98,16,22,5,25,30,80,76,57,56,26,73,75,23,42,74,24,40,68,44,39,93,Fitness: 1607.1955892572432
Car 1: 0 10 32 90 63 11 82 62 7 20 33 88 19 64 66 51 70 0
Car 2: 0 1 69 48 52 36 49 47 8 30 71 65 0
Car 3: 0 18 6 99 50 76 28 27 35 9 78 81 34 31 89 0
Car 4: 0 83 84 94 53 77 12 80 68 3 26 54 0
Car 5: 0 5 60 46 87 58 13 96 2 40 100 16 61 17 45 0
Car 6: 0 59 86 44 93 85 98 37 91 14 42 57 0
Car 7: 0 95 97 15 21 4 24 29 79 75 56 55 25 72 74 22 41 0
Car 8: 0 73 23 39 67 43 38 92 0
 ,fittness: 1607.1955892572432  Time :  0.8153585000000021  ticks: 0.8155548572540283
GA_I_NN_INSERT
 Best:72,36,66,67,21,52,82,79,34,10,31,33,71,51,2,91,64,11,70,81,25,30,78,32,63,12,89,28,29,77,80,4,69,35,55,53,8,20,27,54,49,83,19,65,50,90,56,5,22,14,95,61,84,9,96,41,40,57,74,3,75,73,26,13,97,60,98,88,7,47,37,48,46,85,6,58,76,23,68,24,42,93,100,101,99,38,92,86,94,59,17,62,18,87,45,15,16,44,43,39,Fitness: 1484.6462560929606
Car 1: 0 71 35 65 66 20 51 81 78 33 9 30 32 70 0
Car 2: 0 50 1 90 63 10 69 80 24 29 77 31 62 11 88 28 27 0
Car 3: 0 76 79 3 68 34 54 52 7 19 26 53 0
Car 4: 0 48 82 18 64 49 89 55 4 21 13 0
Car 5: 0 94 60 83 8 95 40 56 73 2 74 72 39 25 12 0
Car 6: 0 96 59 97 87 6 46 36 47 45 84 5 57 75 0
Car 7: 0 22 67 23 41 92 99 100 98 37 91 85 93 0
Car 8: 0 58 16 61 17 86 14 43 15 42 44 38 0
 ,fittness: 1484.6462560929606  Time :  76.18722679999996  ticks: 76.18697190284729
SA_NN_INSERT
 Best:39,45,87,17,92,15,43,62,86,99,94,93,60,100,85,18,6,97,98,44,16,101,58,96,7,14,95,46,84,90,19,9,42,23,3,75,22,59,73,76,38,88,61,28,8,49,29,74,57,24,83,48,47,89,32,20,63,2,55,51,70,11,53,13,26,5,40,68,56,69,4,34,77,54,41,37,12,33,21,52,82,10,80,79,35,30,25,81,78,27,31,71,91,64,50,65,67,36,72,66,Fitness: 1483.2927590591703
Car 1: 0 38 44 86 16 91 14 42 61 85 98 0
Car 2: 0 93 92 59 99 84 17 5 96 97 43 15 100 57 95 6 0
Car 3: 0 13 94 45 83 89 18 8 41 22 2 74 21 58 0
Car 4: 0 72 75 37 87 60 27 7 48 28 73 56 23 0
Car 5: 0 82 47 46 88 31 19 62 1 54 50 69 10 52 0
Car 6: 0 12 25 4 39 67 55 68 3 33 76 53 40 0
Car 7: 0 36 11 32 20 51 81 9 79 78 34 29 24 80 77 26 0
Car 8: 0 30 70 90 63 49 64 66 35 71 65 0
 ,fittness: 1483.2927590591703  Time :  0.7703252999999677  ticks: 0.7699532508850098
TS_NN_INSERT
 Best:62,17,84,61,9,46,18,6,94,92,99,60,86,97,85,87,45,96,101,95,90,98,15,39,93,7,14,88,43,38,100,48,37,83,47,8,89,59,28,49,53,58,3,63,32,44,16,29,50,12,27,74,22,73,75,23,42,54,20,64,11,70,19,65,91,33,51,77,78,5,57,41,81,69,55,13,4,30,34,82,21,67,72,35,79,52,2,80,76,24,68,40,26,56,25,31,71,10,36,66,Fitness: 1572.487565387875
Car 1: 0 61 16 83 60 8 45 17 5 93 91 98 59 0
Car 2: 0 85 96 84 86 44 95 100 94 89 0
Car 3: 0 97 14 38 92 6 13 87 42 37 99 47 36 82 46 7 88 0
Car 4: 0 58 27 48 52 57 2 62 31 43 15 28 0
Car 5: 0 49 11 26 73 21 72 74 22 41 53 19 63 10 69 0
Car 6: 0 18 64 90 32 50 76 77 4 56 40 80 68 54 0
Car 7: 0 12 3 29 33 81 20 66 71 34 78 51 1 79 0
Car 8: 0 75 23 67 39 25 55 24 30 70 9 35 65 0
 ,fittness: 1572.487565387875  Time :  0.6680433000000221  ticks: 0.6680521965026855
ACO_NN
 Best:16,58,3,7,95,96,98,93,60,100,97,61,6,90,53,83,49,48,20,37,50,65,12,63,8,15,45,87,17,62,86,94,99,38,101,92,88,43,44,74,73,75,23,42,76,57,26,56,40,24,22,41,59,14,25,55,81,69,51,77,4,34,82,10,52,21,33,91,64,11,89,32,71,31,70,2,29,28,67,66,72,36,79,35,30,80,78,13,27,54,46,85,18,39,19,84,9,47,68,5,Fitness: 1254.8826593025585
Car 1: 0 15 57 2 6 94 95 97 92 59 99 96 60 5 89 52 0
Car 2: 0 82 48 47 19 36 49 64 11 62 7 14 0
Car 3: 0 44 86 16 61 85 93 98 37 100 91 0
Car 4: 0 87 42 43 73 72 74 22 41 75 56 25 55 39 23 0
Car 5: 0 21 40 58 13 24 54 80 68 50 76 3 33 0
Car 6: 0 81 9 51 20 32 90 63 10 88 31 70 30 69 1 0
Car 7: 0 28 27 66 65 71 35 78 34 29 79 77 12 26 0
Car 8: 0 53 45 84 17 38 18 83 8 46 67 4 0
 ,fittness: 1254.8826593025585  Time :  5.422035499999993  ticks: 5.422362565994263
