GA_I_NN_SWAP
 Best:18,85,6,62,46,17,84,9,88,86,87,61,19,100,99,45,60,97,101,92,43,47,49,83,7,96,95,90,98,15,39,38,93,14,54,94,8,48,37,65,63,29,28,59,44,58,3,34,82,10,51,70,20,50,12,32,27,41,74,22,16,42,73,75,23,64,91,11,71,52,2,53,89,33,13,5,57,55,69,81,72,31,80,77,4,78,24,68,26,56,40,76,25,30,36,21,67,66,35,79,Fitness: 1642.8116513500165
Car 1: 0 17 84 5 61 45 16 83 8 0
Car 2: 0 87 85 86 60 0
Car 3: 0 18 99 98 44 59 96 100 91 42 0
Car 4: 0 46 48 82 6 95 94 0
Car 5: 0 89 97 14 38 37 92 13 53 0
Car 6: 0 93 7 47 36 64 62 28 0
Car 7: 0 27 58 43 57 2 33 81 9 0
Car 8: 0 1 69 19 49 11 31 0
Car 9: 0 26 40 73 21 15 41 72 74 22 0
Car 10: 0 63 90 10 70 51 50 32 88 52 0
Car 11: 0 12 4 56 54 68 80 0
Car 12: 0 71 30 79 76 3 77 0
Car 13: 0 23 67 25 55 39 75 0
Car 14: 0 24 29 35 20 66 65 34 78 0
 ,fittness: 1642.8116513500165  Time :  91.5274799  ticks: 91.52756643295288
SA_NN_SWAP
 Best:92,38,101,99,17,86,62,93,83,47,97,100,15,98,60,6,45,87,39,85,88,95,7,19,61,43,44,16,3,41,90,84,46,9,18,94,96,53,54,59,58,76,23,42,22,74,48,49,29,73,56,14,70,32,71,89,11,28,13,24,57,65,50,20,77,51,78,21,31,55,75,27,2,63,37,12,8,69,81,40,68,26,5,25,52,91,64,4,80,34,82,10,36,79,30,33,67,66,72,35,Fitness: 1754.103038215219
Car 1: 0 91 37 100 98 16 85 61 92 0
Car 2: 0 82 46 96 99 14 97 59 0
Car 3: 0 5 44 86 38 84 0
Car 4: 0 87 94 6 18 60 42 43 15 2 40 0
Car 5: 0 89 83 45 8 17 93 95 52 0
Car 6: 0 53 58 57 75 22 41 21 73 0
Car 7: 0 47 48 28 72 55 0
Car 8: 0 13 69 31 70 88 10 27 0
Car 9: 0 12 23 56 64 49 19 0
Car 10: 0 76 50 77 20 30 54 74 0
Car 11: 0 26 1 62 36 11 7 68 80 0
Car 12: 0 39 67 25 4 24 51 90 63 0
Car 13: 0 3 79 33 81 9 35 78 29 0
Car 14: 0 32 66 65 71 34 0
 ,fittness: 1754.103038215219  Time :  0.6422910000000002  ticks: 0.6420576572418213
TS_NN_SWAP
 Best:61,85,86,94,93,19,60,58,100,98,96,97,9,37,95,7,38,17,45,88,14,6,99,15,87,39,101,92,18,16,59,44,43,90,53,84,46,62,54,41,28,27,73,56,42,76,57,22,75,23,8,47,70,29,89,49,32,71,74,3,13,77,80,4,2,63,20,5,24,81,78,30,26,68,25,55,11,12,83,34,52,36,82,69,48,50,65,33,91,64,40,79,35,66,72,21,31,67,10,51,Fitness: 1923.316619426746
Car 1: 0 60 84 85 93 92 18 0
Car 2: 0 59 57 99 97 95 96 8 36 0
Car 3: 0 94 6 37 16 44 87 0
Car 4: 0 13 5 98 14 0
Car 5: 0 86 38 100 91 17 15 58 43 42 0
Car 6: 0 89 52 83 45 61 53 40 27 0
Car 7: 0 26 72 55 41 75 56 21 74 22 0
Car 8: 0 7 46 69 28 88 48 31 70 0
Car 9: 0 73 2 12 76 79 3 1 0
Car 10: 0 62 19 4 23 80 77 0
Car 11: 0 29 25 67 24 54 10 11 82 0
Car 12: 0 33 51 35 81 68 0
Car 13: 0 47 49 64 32 90 63 0
Car 14: 0 39 78 34 65 71 20 0
Car 15: 0 30 66 9 50 0
 ,fittness: 1923.316619426746  Time :  0.6799934000000007  ticks: 0.6797940731048584
GA_I_NN_INSERT
 Best:46,62,6,87,61,86,94,92,17,99,60,38,93,7,96,100,98,15,90,97,18,9,47,83,39,45,85,84,14,88,43,101,95,48,37,49,89,59,54,58,3,28,19,32,44,16,41,29,53,8,20,50,12,63,11,27,22,42,73,75,23,74,64,91,13,51,2,31,33,65,70,5,76,57,81,69,55,77,78,82,34,52,80,4,24,40,25,30,67,21,71,68,26,56,35,79,36,10,72,66,Fitness: 1657.38836707293
Car 1: 0 45 61 5 86 60 0
Car 2: 0 85 93 91 16 98 0
Car 3: 0 59 37 92 6 95 99 97 14 0
Car 4: 0 89 96 17 8 46 82 38 44 84 83 0
Car 5: 0 13 87 42 100 94 0
Car 6: 0 47 36 48 88 27 53 0
Car 7: 0 57 2 58 18 31 43 15 40 28 0
Car 8: 0 52 7 19 49 11 62 10 0
Car 9: 0 26 73 21 72 74 41 22 63 90 0
Car 10: 0 12 50 1 30 32 64 69 0
Car 11: 0 4 75 56 80 68 54 0
Car 12: 0 76 77 81 33 51 79 3 0
Car 13: 0 23 39 24 29 66 20 70 0
Car 14: 0 67 25 55 34 78 9 35 71 65 0
 ,fittness: 1657.38836707293  Time :  73.87563  ticks: 73.87562465667725
SA_NN_INSERT
 Best:71,32,2,70,89,52,21,31,11,33,34,51,28,64,82,10,77,91,63,12,29,67,4,80,78,19,90,83,49,13,54,69,81,27,84,9,59,53,30,35,36,72,7,95,14,66,20,61,6,96,100,48,37,50,65,8,46,47,85,41,97,94,3,88,60,38,86,62,92,101,99,93,98,73,23,42,76,5,26,57,58,87,17,18,45,15,16,24,68,40,56,25,79,75,22,55,74,43,44,39,Fitness: 1929.90119862249
Car 1: 0 70 31 1 69 88 51 20 30 0
Car 2: 0 10 32 33 50 27 63 0
Car 3: 0 81 9 76 90 62 11 28 0
Car 4: 0 66 3 79 77 18 89 0
Car 5: 0 82 48 12 53 0
Car 6: 0 68 80 26 83 8 58 52 0
Car 7: 0 29 34 35 71 6 94 13 0
Car 8: 0 65 19 60 5 95 99 0
Car 9: 0 47 36 49 64 7 45 46 84 40 0
Car 10: 0 96 93 2 87 59 37 0
Car 11: 0 85 61 91 100 98 92 97 0
Car 12: 0 72 22 41 75 4 25 56 57 0
Car 13: 0 86 16 17 44 14 15 0
Car 14: 0 23 67 39 55 24 78 74 0
Car 15: 0 21 54 73 42 43 38 0
 ,fittness: 1929.90119862249  Time :  0.6602175000000159  ticks: 0.6601231098175049
TS_NN_INSERT
 Best:7,96,14,95,97,60,98,100,90,94,88,99,86,6,61,54,41,43,38,62,101,85,19,84,28,58,17,29,45,27,15,74,16,46,9,83,87,44,73,75,53,89,13,2,77,49,39,55,5,22,23,76,59,32,81,69,63,11,48,20,8,31,34,78,40,26,56,57,80,82,4,52,21,33,47,37,12,64,91,79,30,25,51,42,68,24,3,71,65,50,93,92,18,70,10,36,35,72,67,66,Fitness: 2088.302782308965
Car 1: 0 6 95 13 94 96 0
Car 2: 0 59 97 99 89 93 0
Car 3: 0 87 98 85 5 60 0
Car 4: 0 53 40 42 37 61 100 84 18 83 0
Car 5: 0 27 57 16 28 44 26 0
Car 6: 0 14 73 15 45 8 82 0
Car 7: 0 86 43 72 74 52 88 0
Car 8: 0 12 1 76 48 38 0
Car 9: 0 54 4 21 22 75 58 0
Car 10: 0 31 80 68 62 10 0
Car 11: 0 47 19 7 30 33 77 0
Car 12: 0 39 25 55 56 79 81 3 0
Car 13: 0 51 20 32 46 36 11 63 90 78 29 24 50 41 0
Car 14: 0 67 23 2 70 64 49 92 91 17 0
Car 15: 0 69 9 35 34 71 66 65 0
 ,fittness: 2088.302782308965  Time :  0.6370159999999885  ticks: 0.6370272636413574
ACO_NN
 Best:39,15,45,87,17,92,101,99,38,93,14,54,59,41,5,40,42,23,76,57,24,44,43,98,96,97,7,95,100,60,6,85,90,51,81,69,78,4,80,79,35,36,10,82,34,32,71,31,21,67,52,77,13,26,56,55,75,73,74,22,3,58,16,62,86,94,61,84,89,8,63,12,20,37,50,49,9,83,53,28,29,27,70,2,11,91,33,66,72,25,30,19,46,18,47,48,64,65,88,68,Fitness: 1552.5444115859916
Car 1: 0 38 14 44 86 16 91 0
Car 2: 0 100 98 37 92 13 53 58 40 0
Car 3: 0 4 39 41 22 75 56 0
Car 4: 0 23 43 42 97 95 96 6 0
Car 5: 0 94 99 59 5 84 0
Car 6: 0 89 50 80 68 77 3 0
Car 7: 0 79 78 34 35 9 81 33 0
Car 8: 0 31 70 30 20 66 51 76 0
Car 9: 0 12 25 55 54 74 72 73 21 2 0
Car 10: 0 57 15 61 85 93 60 83 0
Car 11: 0 88 7 62 11 19 36 49 0
Car 12: 0 48 8 82 52 27 28 0
Car 13: 0 26 69 1 10 90 32 65 71 0
Car 14: 0 24 29 18 45 17 46 47 63 64 0
Car 15: 0 87 67 0
 ,fittness: 1552.5444115859916  Time :  3.786019699999997  ticks: 3.7865374088287354
