GA_I_NN_SWAP
 Best:49,27,32,8,44,24,28,33,2,9,7,25,26,15,48,19,13,47,30,21,36,37,4,29,23,3,17,12,39,10,51,22,35,31,40,45,38,14,6,50,11,34,46,16,43,41,42,20,18,5,Fitness: 670.6263955154676
Car 1: 0 8 26 31 7 43 23 48 6 1 32 27 0
Car 2: 0 24 14 25 47 18 12 46 0
Car 3: 0 29 20 35 36 3 28 22 2 16 11 0
Car 4: 0 38 34 21 50 9 5 4 13 41 0
Car 5: 0 49 10 30 39 33 45 15 42 40 19 44 37 17 0
 ,fittness: 670.6263955154676  Time :  18.4567495  ticks: 18.457348585128784
SA_NN_SWAP
 Best:28,49,9,27,7,44,8,24,32,29,2,47,18,25,15,26,14,19,48,23,30,22,10,3,6,38,42,5,13,33,4,37,36,21,17,12,35,51,31,34,46,16,40,11,50,39,45,43,41,20,Fitness: 784.7868642054705
Car 1: 0 27 48 8 26 6 43 7 23 31 28 1 0
Car 2: 0 46 17 24 14 25 13 18 47 0
Car 3: 0 22 29 21 9 2 5 37 41 4 12 0
Car 4: 0 32 3 36 35 20 16 11 34 50 0
Car 5: 0 30 33 45 15 39 10 49 38 44 42 40 19 0
 ,fittness: 784.7868642054705  Time :  0.26965659999996205  ticks: 0.2702758312225342
TS_NN_SWAP
 Best:16,40,11,50,31,35,51,10,34,46,12,39,17,22,38,45,6,13,48,21,30,3,18,43,42,19,47,2,23,28,24,8,27,9,32,37,36,4,29,5,41,20,14,15,26,25,44,49,7,33,Fitness: 777.7613211268157
Car 1: 0 15 39 10 49 30 34 50 9 33 45 0
Car 2: 0 11 38 16 21 37 44 5 12 47 0
Car 3: 0 20 29 2 17 42 41 18 46 0
Car 4: 0 1 22 27 23 7 26 8 31 36 35 3 28 0
Car 5: 0 4 40 19 13 14 25 24 43 48 6 0
Car 6: 0 32 0
 ,fittness: 777.7613211268157  Time :  0.2641996999999492  ticks: 0.26392388343811035
GA_I_NN_INSERT
 Best:27,32,9,8,44,25,24,7,49,28,3,21,36,37,4,29,23,2,12,48,13,17,51,10,50,39,6,47,33,30,22,35,31,16,45,38,18,15,19,5,42,20,43,46,34,40,11,26,14,41,Fitness: 686.3727151670813
Car 1: 0 8 26 7 43 24 23 6 48 27 0
Car 2: 0 2 3 20 35 36 28 31 22 1 11 0
Car 3: 0 47 12 16 50 9 49 38 5 46 0
Car 4: 0 32 29 21 34 30 15 44 37 17 14 0
Car 5: 0 18 4 41 19 42 45 33 39 10 0
Car 6: 0 25 13 40 0
 ,fittness: 686.3727151670813  Time :  16.078544299999976  ticks: 16.078587770462036
SA_NN_INSERT
 Best:49,24,27,8,25,15,9,29,23,2,28,7,44,26,19,48,12,47,33,3,4,32,14,5,13,6,39,17,30,21,37,36,22,51,10,38,45,16,50,35,31,18,42,41,20,43,46,34,11,40,Fitness: 819.009012586619
Car 1: 0 48 23 26 7 24 14 8 28 22 1 27 0
Car 2: 0 6 43 25 18 47 11 46 32 0
Car 3: 0 2 3 31 13 4 12 5 38 0
Car 4: 0 16 29 20 36 35 21 50 9 37 44 15 49 0
Car 5: 0 34 30 17 41 40 19 42 45 33 10 39 0
 ,fittness: 819.009012586619  Time :  0.2567916000000423  ticks: 0.2571289539337158
TS_NN_INSERT
 Best:25,7,49,24,8,44,27,9,28,15,26,19,32,23,33,47,13,48,6,39,2,21,50,45,38,16,5,14,22,37,36,4,29,3,30,17,10,51,35,12,31,11,18,42,41,20,43,46,34,40,Fitness: 846.6970209764421
Car 1: 0 24 6 48 23 7 43 26 8 27 14 0
Car 2: 0 25 18 31 22 32 46 12 47 0
Car 3: 0 5 38 1 20 49 44 37 15 4 13 0
Car 4: 0 21 36 35 3 28 2 29 16 9 50 34 0
Car 5: 0 11 30 10 17 41 40 19 42 45 33 39 0
 ,fittness: 846.6970209764421  Time :  0.25386490000005324  ticks: 0.25427842140197754
ACO_NN
 Best:38,18,45,16,46,34,11,50,6,13,48,19,26,15,5,33,12,39,10,51,35,22,30,21,36,37,4,23,2,28,49,24,8,9,27,32,29,7,25,44,14,42,20,43,41,47,3,17,31,40,Fitness: 737.3869820378668
Car 1: 0 37 17 44 15 45 33 10 49 5 12 0
Car 2: 0 47 18 25 14 4 32 11 0
Car 3: 0 38 9 50 34 21 29 20 35 36 3 22 1 0
Car 4: 0 27 48 23 7 8 26 31 28 6 24 43 0
Car 5: 0 13 41 19 42 40 46 2 16 30 0
Car 6: 0 39 0
 ,fittness: 737.3869820378668  Time :  0.9265959000000521  ticks: 0.9265592098236084
GA_I_C&W_SWAP
 Best:39,11,10,51,30,22,35,31,40,34,46,16,15,26,14,42,41,20,43,45,38,18,7,44,8,27,32,29,37,36,4,21,23,2,48,5,19,24,25,49,9,28,47,13,50,6,12,17,3,33,Fitness: 587.5717587745971
Car 1: 0 32 10 9 50 29 21 34 30 39 33 45 15 0
Car 2: 0 14 25 13 41 40 19 42 44 37 17 0
Car 3: 0 6 43 7 26 31 28 3 36 35 20 22 1 0
Car 4: 0 47 4 18 24 23 48 8 27 0
Car 5: 0 46 11 2 16 38 49 5 12 0
 ,fittness: 587.5717587745971  Time :  110.97447849999992  ticks: 110.97377228736877
SA_C&W_SWAP
 Best:50,11,10,51,30,22,35,31,40,34,46,5,15,26,14,42,41,20,43,45,38,18,25,44,8,27,32,29,4,37,36,21,23,2,19,16,48,7,24,49,9,33,47,13,6,39,17,3,12,28,Fitness: 630.3264080018936
Car 1: 0 49 10 9 50 29 21 34 30 39 33 45 4 0
Car 2: 0 14 25 13 41 40 19 42 44 37 17 0
Car 3: 0 24 43 7 26 31 28 3 36 35 20 22 1 0
Car 4: 0 18 15 47 6 23 48 8 32 0
Car 5: 0 46 12 5 38 16 2 11 27 0
 ,fittness: 630.3264080018936  Time :  91.77120050000008  ticks: 91.7714467048645
TS_C&W_SWAP
 Best:50,35,10,30,37,22,31,40,11,34,46,16,15,26,14,20,42,41,43,45,38,47,25,44,8,27,32,29,4,36,21,51,23,2,48,5,19,7,24,49,9,33,13,18,6,39,3,17,12,28,Fitness: 681.1760927120772
Car 1: 0 49 34 9 29 36 21 30 39 10 33 45 15 0
Car 2: 0 14 25 13 19 41 40 42 44 37 46 0
Car 3: 0 24 43 7 26 31 28 3 35 20 50 22 1 0
Car 4: 0 47 4 18 6 23 48 8 32 0
Car 5: 0 12 17 5 38 2 16 11 27 0
 ,fittness: 681.1760927120772  Time :  115.93186690000016  ticks: 115.93207859992981
GA_I_C&W_INSERT
 Best:50,10,51,22,35,31,11,40,34,46,16,15,26,14,42,41,20,43,45,38,18,25,44,8,27,32,29,37,36,21,4,23,2,48,19,7,24,9,49,28,47,5,13,6,39,17,30,3,12,33,Fitness: 582.3913498203965
Car 1: 0 49 9 50 21 34 30 10 39 33 45 15 0
Car 2: 0 14 25 13 41 40 19 42 44 37 0
Car 3: 0 24 43 7 26 31 28 3 36 35 20 22 1 0
Car 4: 0 47 18 6 23 48 8 27 46 0
Car 5: 0 12 4 17 5 38 16 29 2 11 32 0
 ,fittness: 582.3913498203965  Time :  144.33696910000003  ticks: 144.33749389648438
SA_C&W_INSERT
 Best:50,10,51,22,35,31,40,11,34,46,15,26,14,42,20,41,43,45,38,18,25,44,8,27,32,29,37,36,21,4,23,2,19,5,48,7,24,9,49,13,16,6,39,17,30,3,12,47,28,33,Fitness: 621.1322401031288
Car 1: 0 49 9 50 21 34 30 39 10 33 45 0
Car 2: 0 14 25 13 41 19 40 42 44 37 17 0
Car 3: 0 24 43 7 26 31 28 36 35 20 3 22 1 0
Car 4: 0 18 4 47 6 23 8 48 0
Car 5: 0 12 15 5 38 16 29 2 11 46 0
Car 6: 0 27 32 0
 ,fittness: 621.1322401031288  Time :  106.94757060000006  ticks: 106.94751906394958
TS_C&W_INSERT
 Best:10,51,30,22,35,31,40,11,34,46,16,15,26,14,42,41,20,43,45,38,18,25,44,8,27,32,29,4,37,36,21,23,19,5,7,24,49,9,28,48,13,6,50,39,17,3,47,12,2,33,Fitness: 616.8619805874432
Car 1: 0 9 50 29 21 34 30 39 10 33 45 15 0
Car 2: 0 14 25 13 41 40 19 42 44 37 17 0
Car 3: 0 24 43 7 26 31 28 3 36 35 20 22 0
Car 4: 0 18 4 6 23 48 8 27 0
Car 5: 0 47 12 5 49 38 16 2 46 0
Car 6: 0 11 1 32 0
 ,fittness: 616.8619805874432  Time :  102.01894700000003  ticks: 102.01933455467224
ACO_C&W
 Best:41,20,42,14,5,18,38,48,13,6,39,51,17,22,30,21,4,36,37,23,2,33,28,47,7,49,8,24,25,44,15,26,43,45,16,34,46,40,11,50,10,31,35,3,12,9,27,32,29,19,Fitness: 718.2968533295005
Car 1: 0 40 19 41 13 4 17 37 47 12 0
Car 2: 0 5 38 50 16 21 29 20 3 35 36 22 1 0
Car 3: 0 32 27 46 6 48 7 23 24 43 14 0
Car 4: 0 25 42 44 15 33 45 39 10 49 9 0
Car 5: 0 30 34 2 11 8 26 31 28 0
Car 6: 0 18 0
 ,fittness: 718.2968533295005  Time :  107.84451600000011  ticks: 107.8440911769867
