GA_I_NN_SWAP
 Best:27,28,29,17,30,12,14,18,26,15,2,32,31,16,20,23,25,24,21,22,19,13,3,4,6,33,9,11,10,8,7,5,Fitness: 883.8369019477129
Car 1: 0 26 27 28 16 29 0
Car 2: 0 11 13 17 25 14 30 0
Car 3: 0 31 1 15 19 22 24 23 20 21 18 12 2 0
Car 4: 0 3 5 6 32 10 8 9 7 4 0
 ,fittness: 883.8369019477129  Time :  18.516504700000013  ticks: 18.51701545715332
SA_NN_SWAP
 Best:4,3,33,8,7,9,11,10,6,12,2,15,16,18,23,21,22,20,19,14,13,31,27,26,5,32,24,25,28,29,17,30,Fitness: 951.7603358519534
Car 1: 0 3 2 32 7 6 8 10 9 5 11 0
Car 2: 0 1 14 15 17 22 20 21 19 18 13 12 0
Car 3: 0 30 26 25 0
Car 4: 0 4 31 23 24 27 28 16 29 0
 ,fittness: 951.7603358519534  Time :  0.3428380999999945  ticks: 0.3421030044555664
TS_NN_SWAP
 Best:8,9,11,10,7,33,12,13,5,6,2,14,18,26,15,16,32,27,28,25,24,21,20,3,4,19,22,23,17,29,30,31,Fitness: 949.8956746791949
Car 1: 0 7 8 10 9 6 32 11 12 0
Car 2: 0 4 5 1 13 17 25 14 15 31 0
Car 3: 0 26 27 24 23 20 19 2 3 0
Car 4: 0 18 21 22 16 28 29 30 0
 ,fittness: 949.8956746791949  Time :  0.25980290000001105  ticks: 0.25927233695983887
GA_I_NN_INSERT
 Best:30,29,17,28,26,18,16,15,2,27,31,32,14,19,22,21,24,25,23,20,12,13,3,6,7,8,9,10,11,33,4,5,Fitness: 896.5445369160233
Car 1: 0 29 28 16 27 25 17 15 14 1 0
Car 2: 0 26 30 0
Car 3: 0 31 13 18 21 20 23 24 22 19 11 12 0
Car 4: 0 2 5 6 7 8 9 10 32 3 4 0
 ,fittness: 896.5445369160233  Time :  15.494049000000018  ticks: 15.494641304016113
SA_NN_INSERT
 Best:9,11,10,8,7,33,12,14,13,2,16,15,18,23,21,22,19,20,3,4,5,6,25,26,32,31,24,27,28,29,30,17,Fitness: 1024.4479620133382
Car 1: 0 8 10 9 7 6 32 11 13 12 0
Car 2: 0 1 15 14 17 22 20 21 18 19 2 3 0
Car 3: 0 4 5 24 25 31 30 0
Car 4: 0 23 26 27 28 29 16 0
 ,fittness: 1024.4479620133382  Time :  0.34646940000004633  ticks: 0.34699106216430664
TS_NN_INSERT
 Best:29,28,27,26,18,30,17,15,16,25,23,19,14,2,31,24,21,22,20,11,10,9,33,13,3,7,8,6,12,32,4,5,Fitness: 1030.2969102665788
Car 1: 0 28 27 26 25 17 0
Car 2: 0 29 16 14 15 24 22 18 13 1 0
Car 3: 0 30 23 20 21 19 10 9 8 32 12 0
Car 4: 0 2 6 7 5 11 31 3 4 0
 ,fittness: 1030.2969102665788  Time :  0.4127925000000232  ticks: 0.41226696968078613
ACO_NN
 Best:5,10,9,7,8,6,12,13,3,33,11,19,20,22,21,23,25,24,31,2,32,18,26,28,29,17,30,27,16,15,14,4,Fitness: 947.97121006277
Car 1: 0 4 9 8 6 7 5 11 12 2 32 0
Car 2: 0 10 18 19 21 20 22 24 23 30 0
Car 3: 0 1 31 17 25 27 28 16 29 0
Car 4: 0 26 15 14 13 3 0
 ,fittness: 947.97121006277  Time :  0.7852495000000204  ticks: 0.785484790802002
GA_I_C&W_SWAP
 Best:30,29,17,28,27,16,14,18,26,25,24,23,21,22,20,19,12,5,6,8,7,9,11,10,33,13,3,4,31,15,2,32,Fitness: 846.5057013190805
Car 1: 0 29 28 16 27 26 15 13 0
Car 2: 0 17 25 24 23 20 21 22 19 18 10 9 5 0
Car 3: 0 4 7 6 8 32 11 12 2 3 0
Car 4: 0 30 31 14 1 0
 ,fittness: 846.5057013190805  Time :  65.09921539999999  ticks: 65.09901189804077
SA_C&W_SWAP
 Best:30,29,17,28,27,18,16,14,26,25,24,23,21,22,20,19,11,10,6,13,5,8,7,9,33,12,3,4,2,15,32,31,Fitness: 851.7653631367309
Car 1: 0 29 28 16 27 26 17 15 0
Car 2: 0 13 25 24 23 22 20 21 19 18 10 9 5 12 0
Car 3: 0 4 7 6 8 32 11 2 3 0
Car 4: 0 1 14 31 30 0
 ,fittness: 851.7653631367309  Time :  41.08235450000001  ticks: 41.08272910118103
TS_C&W_SWAP
 Best:30,29,17,28,27,16,14,18,26,25,24,21,22,23,20,19,12,5,7,6,33,11,9,10,8,13,3,4,31,15,2,32,Fitness: 854.702366469085
Car 1: 0 29 28 16 27 26 15 13 0
Car 2: 0 17 25 24 23 20 21 22 19 18 11 0
Car 3: 0 4 6 5 32 10 8 9 7 12 2 3 0
Car 4: 0 30 14 1 31 0
 ,fittness: 854.702366469085  Time :  40.1822631  ticks: 40.182695627212524
GA_I_C&W_INSERT
 Best:30,29,17,28,27,16,14,18,26,25,24,23,21,22,20,19,11,7,6,5,8,10,9,33,12,13,3,31,32,15,2,4,Fitness: 848.124998958294
Car 1: 0 29 28 16 27 26 15 13 0
Car 2: 0 17 25 24 23 22 20 21 19 18 10 6 5 0
Car 3: 0 4 7 9 8 32 11 12 2 0
Car 4: 0 30 31 14 1 3 0
 ,fittness: 848.124998958294  Time :  61.6686383  ticks: 61.66909646987915
SA_C&W_INSERT
 Best:30,29,17,28,27,18,14,16,26,25,24,23,21,22,20,19,11,7,6,5,8,10,9,33,12,13,3,31,32,15,2,4,Fitness: 851.0784970217779
Car 1: 0 29 28 16 27 26 17 13 0
Car 2: 0 15 25 24 23 22 20 21 19 18 10 6 5 0
Car 3: 0 4 7 9 8 32 11 12 2 0
Car 4: 0 30 31 14 1 3 0
 ,fittness: 851.0784970217779  Time :  45.922766999999965  ticks: 45.92222785949707
TS_C&W_INSERT
 Best:30,29,17,28,27,16,14,18,26,25,24,21,23,22,20,19,11,7,6,5,8,10,9,33,12,13,31,32,15,2,3,4,Fitness: 850.4277235016666
Car 1: 0 29 28 16 27 26 15 13 0
Car 2: 0 17 25 24 23 20 22 21 19 18 10 6 5 0
Car 3: 0 4 7 9 8 32 11 12 0
Car 4: 0 30 31 14 1 2 3 0
 ,fittness: 850.4277235016666  Time :  48.63766379999993  ticks: 48.637731313705444
ACO_C&W
 Best:5,4,3,13,12,14,2,15,16,18,26,27,28,29,30,31,32,33,10,9,11,8,7,6,19,20,22,21,23,24,25,17,Fitness: 951.8121102382629
Car 1: 0 4 3 2 12 11 13 1 14 15 17 0
Car 2: 0 25 26 27 28 29 0
Car 3: 0 30 31 32 9 8 10 0
Car 4: 0 7 6 5 18 19 21 20 22 23 24 16 0
 ,fittness: 951.8121102382629  Time :  40.578713600000015  ticks: 40.57889151573181
