GA_I_NN_SWAP
 Best:21,61,71,72,70,37,38,16,6,48,49,75,74,30,58,14,28,46,22,62,29,3,8,15,53,35,47,69,34,7,76,5,31,23,63,9,36,55,20,27,2,64,18,68,41,4,65,42,43,13,59,73,11,60,12,67,66,45,17,50,24,44,57,40,10,33,52,54,39,32,56,19,25,51,26,Fitness: 1118.8670551132218
Car 1: 0 70 60 20 71 69 36 37 15 5 47 48 74 73 0
Car 2: 0 29 57 13 27 45 21 61 28 2 0
Car 3: 0 7 14 52 34 46 30 33 6 0
Car 4: 0 75 4 68 22 62 8 35 54 19 67 0
Car 5: 0 1 63 17 26 40 3 64 41 42 0
Car 6: 0 12 58 72 10 65 11 66 59 0
Car 7: 0 44 16 49 23 56 43 39 9 32 51 0
Car 8: 0 53 38 31 55 25 18 24 50 0
 ,fittness: 1118.8670551132218  Time :  41.1550264  ticks: 41.155062198638916
SA_NN_SWAP
 Best:28,14,55,6,58,21,16,20,27,47,31,30,53,36,59,39,8,35,68,18,9,15,54,46,48,7,69,76,75,22,49,38,71,60,12,32,3,29,37,61,72,70,62,52,41,5,74,34,73,66,67,11,56,19,13,2,23,63,17,40,10,26,51,45,4,33,50,64,24,44,43,65,42,57,25,Fitness: 1232.4531509524493
Car 1: 0 27 13 54 5 57 20 15 19 26 46 0
Car 2: 0 30 29 52 35 58 38 7 34 67 0
Car 3: 0 17 8 14 53 45 47 6 68 75 0
Car 4: 0 74 21 48 37 70 59 11 31 0
Car 5: 0 2 28 36 60 71 69 61 51 40 0
Car 6: 0 4 73 33 72 65 66 10 55 18 12 0
Car 7: 0 1 22 62 16 39 9 25 50 44 3 0
Car 8: 0 32 49 63 23 43 42 64 41 56 24 0
 ,fittness: 1232.4531509524493  Time :  0.42712129999999604  ticks: 0.4272420406341553
TS_NN_SWAP
 Best:27,41,56,10,73,13,59,11,18,51,19,26,33,4,40,39,32,66,8,45,52,68,36,54,12,67,9,15,60,17,64,50,25,24,53,35,76,47,28,46,31,3,7,69,5,34,2,74,63,75,30,58,20,55,57,44,43,42,65,29,48,49,16,14,6,37,70,72,22,23,62,38,21,71,61,Fitness: 1181.7004488205146
Car 1: 0 26 40 55 9 72 12 58 10 17 0
Car 2: 0 50 18 25 32 3 39 38 31 65 7 0
Car 3: 0 44 51 67 35 53 11 66 0
Car 4: 0 8 14 59 16 63 49 24 23 52 34 0
Car 5: 0 75 46 27 45 30 2 6 68 0
Car 6: 0 4 33 1 73 62 74 29 57 19 54 0
Car 7: 0 56 43 42 41 64 28 47 48 15 0
Car 8: 0 13 5 36 69 71 21 22 61 37 20 70 60 0
 ,fittness: 1181.7004488205146  Time :  0.44167609999999513  ticks: 0.44178056716918945
GA_I_NN_INSERT
 Best:71,61,21,38,37,72,70,48,6,49,22,75,62,29,53,28,30,47,5,69,68,9,20,35,76,23,3,31,46,16,58,14,55,36,8,63,74,34,52,18,15,54,2,44,42,65,43,64,7,60,12,59,4,45,17,13,27,41,33,40,73,11,66,67,39,57,24,50,25,19,51,10,32,26,56,Fitness: 1085.480312037985
Car 1: 0 70 60 20 37 36 71 69 47 5 48 29 0
Car 2: 0 21 74 61 28 52 27 46 4 0
Car 3: 0 67 8 19 34 75 68 22 2 30 0
Car 4: 0 45 15 57 13 54 35 7 62 33 51 17 0
Car 5: 0 14 53 73 1 43 41 64 42 63 6 0
Car 6: 0 59 11 58 3 16 44 12 26 0
Car 7: 0 40 32 39 72 10 38 65 66 0
Car 8: 0 56 23 49 24 18 50 9 31 25 55 0
 ,fittness: 1085.480312037985  Time :  35.39134459999998  ticks: 35.39084458351135
SA_NN_INSERT
 Best:70,37,22,48,38,71,72,61,6,21,75,31,62,63,23,29,49,30,46,3,16,58,14,53,28,7,76,34,2,44,43,65,74,64,42,52,18,20,55,69,17,4,13,45,41,27,47,35,68,54,15,36,9,8,33,10,11,39,12,60,67,66,59,40,73,5,50,24,57,25,19,51,26,32,56,Fitness: 1184.5274273730142
Car 1: 0 69 36 21 47 37 70 71 60 5 20 74 0
Car 2: 0 30 61 62 22 28 48 29 45 2 0
Car 3: 0 15 57 13 52 27 6 75 33 1 43 0
Car 4: 0 42 64 73 63 41 51 17 19 54 68 16 3 0
Car 5: 0 12 44 40 26 46 34 67 0
Car 6: 0 53 14 35 8 7 32 9 10 0
Car 7: 0 38 11 59 66 65 58 39 72 0
Car 8: 0 4 49 23 56 24 18 50 25 31 55 0
 ,fittness: 1184.5274273730142  Time :  0.4360447999999906  ticks: 0.435833215713501
TS_NN_INSERT
 Best:69,3,74,63,34,27,68,5,41,13,18,35,4,45,76,47,49,30,44,2,7,53,28,31,46,8,9,6,23,52,73,59,33,10,40,43,42,25,50,17,29,62,22,48,51,14,20,54,11,38,37,57,24,64,75,65,70,16,58,55,12,66,32,56,19,26,61,71,72,21,36,39,67,15,60,Fitness: 1441.1070452143247
Car 1: 0 68 2 73 62 33 26 67 4 0
Car 2: 0 40 12 17 34 3 44 75 46 0
Car 3: 0 48 29 43 1 6 52 27 30 45 0
Car 4: 0 7 8 5 22 51 72 58 32 9 39 0
Car 5: 0 42 41 24 49 16 28 61 21 47 0
Car 6: 0 50 13 19 53 10 37 36 56 23 63 74 0
Car 7: 0 64 69 15 57 54 11 65 31 55 18 25 0
Car 8: 0 60 70 71 20 35 38 66 14 59 0
 ,fittness: 1441.1070452143247  Time :  0.4330831000000046  ticks: 0.43335485458374023
ACO_NN
 Best:37,48,6,38,21,71,61,72,70,62,29,63,74,2,44,43,42,24,57,34,75,31,3,46,30,28,53,47,35,68,27,13,41,40,73,59,11,32,26,33,45,4,52,18,17,64,50,19,51,10,66,39,54,12,67,60,15,20,58,16,55,14,9,8,36,76,69,7,5,49,22,23,65,25,56,Fitness: 1058.767576862112
Car 1: 0 36 47 5 37 20 70 60 71 69 61 28 0
Car 2: 0 62 73 1 43 42 41 23 56 33 74 30 0
Car 3: 0 2 45 29 27 52 46 34 67 0
Car 4: 0 26 12 40 39 72 58 10 31 25 0
Car 5: 0 32 44 3 51 17 16 63 49 18 50 0
Car 6: 0 9 65 38 53 11 66 0
Car 7: 0 59 14 19 57 15 54 13 8 7 35 0
Car 8: 0 75 68 6 4 48 21 22 64 0
Car 9: 0 24 55 0
 ,fittness: 1058.767576862112  Time :  1.9828436999999894  ticks: 1.9826405048370361
